200 201 5400000
0 168 5400001
0 130 5400001
0 33 5400001
0 108 5400001
0 88 5400001
0 25 5400001
0 140 5400001
137 163 100000
0 185 5400001
0 111 5400001
0 90 5400001
79 173 100000
0 60 5400001
89 29 100000
0 66 5400001
0 153 5400001
0 94 5400001
0 171 5400001
157 167 100000
0 183 5400001
0 100 5400001
19 137 100000
0 84 5400001
53 193 100000
193 101 100000
0 125 5400001
109 201 100000
0 132 5400001
93 97 100000
31 61 100000
14 158 100000
0 11 5400001
0 57 5400001
0 75 5400001
0 150 5400001
0 21 5400001
0 121 5400001
0 55 5400001
41 37 100000
0 175 5400001
0 95 5400001
0 138 5400001
0 10 5400001
0 52 5400001
0 195 5400001
0 56 5400001
0 39 5400001
0 124 5400001
0 133 5400001
0 144 5400001
0 172 5400001
0 2 5400001
0 188 5400001
0 51 5400001
0 174 5400001
71 139 100000
0 69 5400001
0 3 5400001
0 87 5400001
0 200 5400001
0 105 5400001
0 81 5400001
113 53 100000
173 157 100000
0 85 5400001
47 115 100000
67 45 100000
0 76 5400001
0 72 5400001
179 131 100000
0 32 5400001
1 197 100000
0 162 5400001
0 145 5400001
0 123 5400001
167 127 100000
103 31 100000
0 134 5400001
0 70 5400001
0 117 5400001
0 18 5400001
107 113 100000
0 6 5400001
0 128 5400001
143 187 100000
0 156 5400001
29 43 100000
0 35 5400001
0 141 5400001
5 149 100000
0 161 5400001
0 170 5400001
197 71 100000
0 64 5400001
0 58 5400001
0 98 5400001
0 68 5400001
0 177 5400001
151 17 100000
0 192 5400001
0 196 5400001
158 199 100000
0 50 5400001
0 106 5400001
0 176 5400001
0 118 5400001
7 103 100000
73 83 100000
0 62 5400001
0 119 5400001
0 15 5400001
0 99 5400001
0 78 5400001
0 104 5400001
0 80 5400001
0 22 5400001
0 9 5400001
0 26 5400001
0 38 5400001
0 189 5400001
0 147 5400001
0 142 5400001
127 143 100000
0 86 5400001
187 109 100000
0 160 5400001
0 63 5400001
0 4 5400001
0 126 5400001
91 7 100000
181 14 100000
101 19 100000
0 34 5400001
0 114 5400001
0 48 5400001
0 194 5400001
0 164 5400001
0 112 5400001
0 151 100000
0 82 5400001
0 180 5400001
0 166 5400001
0 190 5400001
0 27 5400001
0 102 5400001
0 165 5400001
13 91 100000
0 96 5400001
61 23 100000
83 181 100000
0 28 5400001
0 8 5400001
0 20 5400001
0 77 5400001
0 30 5400001
0 16 5400001
0 154 5400001
0 24 5400001
0 129 5400001
0 65 5400001
0 12 5400001
97 73 100000
149 191 100000
191 59 100000
43 1 100000
0 74 5400001
0 122 5400001
0 136 5400001
0 146 5400001
0 198 5400001
199 79 100000
0 135 5400001
131 169 100000
0 186 5400001
169 13 100000
0 46 5400001
37 179 100000
45 93 100000
0 120 5400001
0 42 5400001
0 178 5400001
0 49 5400001
23 47 100000
163 67 100000
0 44 5400001
0 36 5400001
59 89 100000
0 110 5400001
0 92 5400001
139 107 100000
0 155 5400001
0 152 5400001
0 40 5400001
115 5 100000
0 184 5400001
0 182 5400001
17 41 100000
0 116 5400001
0 148 5400001
0 54 5400001
0 159 5400001
