200 400 2
17 201 1
56 201 1
36 201 1
0 31 2
63 201 1
0 49 2
0 88 2
0 67 2
0 114 2
0 129 2
0 189 2
67 201 1
197 201 1
152 201 1
0 44 2
46 201 1
0 162 2
0 122 2
0 149 1
75 201 1
132 201 1
0 42 2
0 37 2
196 201 1
9 201 1
0 72 2
131 201 1
0 5 2
91 201 1
108 201 1
22 201 1
3 201 1
134 201 1
0 26 2
173 201 1
156 201 1
0 127 1
0 4 2
171 201 1
168 201 1
143 201 1
77 201 1
69 201 1
117 201 1
0 152 2
0 13 2
110 201 1
6 201 1
0 113 1
157 201 1
198 201 1
159 201 1
72 201 1
0 143 2
60 201 1
0 181 2
0 105 2
0 182 2
95 201 1
127 201 1
65 201 1
0 131 1
0 197 2
0 96 2
0 73 2
59 201 1
88 201 1
0 78 2
0 166 2
162 201 1
0 156 2
0 54 2
0 25 2
0 9 2
0 17 2
135 201 1
0 100 2
30 201 1
0 63 2
125 201 1
140 201 1
0 135 2
0 164 2
0 95 2
0 106 2
0 69 2
118 201 1
0 136 2
11 201 1
0 51 2
0 104 2
87 201 1
0 117 2
0 168 2
0 133 2
124 201 1
0 119 2
71 201 1
20 201 1
0 109 1
42 201 1
54 201 1
166 201 1
0 141 2
28 201 1
0 94 2
0 70 2
93 201 1
103 201 1
0 20 2
0 80 2
0 192 2
177 201 1
0 173 2
0 183 2
170 201 1
102 201 1
100 201 1
0 97 2
160 201 1
0 167 2
155 201 1
0 103 1
0 188 2
0 154 2
0 77 2
0 146 2
0 159 2
180 201 1
0 3 2
89 201 1
0 11 2
158 201 1
0 58 2
0 196 2
96 201 1
190 201 1
0 45 2
0 36 2
141 201 1
116 201 1
119 201 1
0 121 2
145 201 1
16 201 1
0 187 2
188 201 1
195 201 1
0 82 2
0 93 2
0 65 2
0 76 2
50 201 1
0 148 2
0 150 2
194 201 1
49 201 1
94 201 1
0 41 2
182 201 1
84 201 1
0 39 2
176 201 1
43 201 1
0 118 2
139 201 1
0 195 2
0 48 2
40 201 1
0 86 2
0 30 2
0 102 2
0 22 2
0 52 2
53 201 1
0 107 1
31 201 1
68 201 1
0 85 2
0 165 2
0 46 2
0 120 2
76 201 1
0 186 2
121 201 1
0 64 2
44 201 1
0 180 2
153 201 1
126 201 1
34 201 1
133 201 1
120 201 1
51 201 1
101 201 1
74 201 1
0 74 2
104 201 1
0 169 2
1 201 1
25 201 1
58 201 1
183 201 1
0 16 2
10 201 1
0 193 2
90 201 1
113 201 1
0 139 1
0 27 2
0 191 2
78 201 1
0 199 2
0 130 2
114 201 1
0 155 2
70 201 1
29 201 1
0 138 2
62 201 1
0 110 2
33 201 1
0 144 2
0 66 2
98 201 1
0 175 2
12 201 1
0 53 2
0 116 2
47 201 1
137 201 1
122 201 1
0 163 2
0 15 2
19 201 1
0 137 1
123 201 1
129 201 1
52 201 1
38 201 1
165 201 1
0 108 2
0 158 2
5 201 1
92 201 1
18 201 1
193 201 1
0 1 2
79 201 1
0 123 2
21 201 1
82 201 1
150 201 1
163 201 1
0 33 2
0 61 2
0 43 2
45 201 1
35 201 1
0 184 2
199 201 1
0 200 2
0 171 2
0 19 2
0 174 2
200 201 1
105 201 1
0 6 2
147 201 1
167 201 1
32 201 1
0 198 2
0 99 2
184 201 1
0 115 2
0 147 2
26 201 1
0 40 2
0 71 2
0 7 2
178 201 1
0 111 2
0 124 2
61 201 1
144 201 1
7 201 1
0 170 2
148 201 1
136 201 1
0 160 2
0 35 2
85 201 1
37 201 1
0 98 2
0 132 2
0 29 2
185 201 1
0 18 2
66 201 1
0 178 2
41 201 1
0 89 2
0 179 2
130 201 1
0 32 2
161 201 1
57 201 1
0 194 2
112 201 1
109 201 1
138 201 1
0 68 2
0 47 2
186 201 1
0 101 1
0 151 2
181 201 1
174 201 1
14 201 1
172 201 1
39 201 1
0 157 2
0 21 2
154 201 1
0 34 2
0 8 2
0 125 2
0 176 2
0 56 2
24 201 1
151 201 1
0 134 2
146 201 1
169 201 1
80 201 1
4 201 1
0 38 2
0 145 2
48 201 1
0 2 2
0 81 2
13 201 1
27 201 1
0 60 2
189 201 1
23 201 1
0 161 2
142 201 1
15 201 1
0 126 2
83 201 1
64 201 1
55 201 1
99 201 1
164 201 1
0 172 2
73 201 1
0 23 2
187 201 1
107 201 1
0 59 2
2 201 1
175 201 1
0 14 2
0 87 2
0 62 2
0 79 2
111 201 1
128 201 1
0 128 2
0 28 2
81 201 1
0 83 2
0 84 2
192 201 1
0 12 2
106 201 1
191 201 1
0 92 2
149 201 1
0 55 2
0 24 2
8 201 1
115 201 1
0 75 2
179 201 1
0 10 2
0 190 2
0 57 2
0 112 2
0 140 2
0 153 2
86 201 1
97 201 1
0 177 2
0 142 2
0 185 2
0 90 2
0 50 2
0 91 2
