200 400 999999801
74 185 1
6 116 1
18 152 1
135 155 1
118 184 1
180 92 1
195 131 1
0 24 999999871
0 2 999999653
167 40 1
169 125 1
0 88 999999705
59 73 1
66 183 1
0 104 999999635
83 143 1
145 60 1
22 175 1
82 71 1
15 11 1
0 101 999999757
72 101 1
148 147 1
186 29 1
0 172 999999785
0 65 999999975
0 82 999999775
0 68 999999881
187 7 1
0 43 999999963
81 10 1
150 50 1
0 134 999999861
184 82 1
0 11 999999719
0 177 999999817
0 20 999999779
92 104 1
98 122 1
51 186 1
0 120 999999655
0 151 999999679
0 117 999999801
0 3 999999829
122 74 1
198 126 1
0 17 999999615
0 154 999999759
0 46 999999897
57 42 1
200 146 1
177 194 1
3 111 1
0 160 999999697
0 80 999999733
199 119 1
128 197 1
0 133 999999889
0 95 999999809
0 189 999999851
158 78 1
63 36 1
0 193 999999685
178 130 1
13 169 1
194 173 1
144 47 1
0 176 999999735
0 72 999999755
0 58 999999781
139 3 1
29 177 1
175 12 1
0 171 999999839
0 196 999999907
183 65 1
0 56 999999911
153 84 1
0 22 999999645
0 67 999999675
86 196 1
0 167 999999917
0 181 999999601
107 201 1
0 89 999999661
0 165 999999751
0 52 999999695
0 141 999999941
115 188 1
0 162 999999967
0 76 999999745
40 83 1
35 139 1
116 110 1
91 171 1
0 130 999999715
54 49 1
189 45 1
181 150 1
174 26 1
4 35 1
140 80 1
173 4 1
0 1 999999607
159 141 1
0 121 999999797
0 77 999999947
31 115 1
84 91 1
0 9 999999665
56 100 1
0 113 999999651
0 111 999999831
0 192 999999841
0 142 999999747
0 116 999999885
32 67 1
0 13 999999625
0 38 999999849
0 118 999999771
131 106 1
0 149 999999965
0 159 999999939
2 120 1
0 10 999999693
0 81 999999691
111 153 1
0 27 999999791
0 21 999999663
55 182 1
121 85 1
103 102 1
0 106 999999895
0 183 999999973
0 53 999999611
0 132 999999899
16 24 1
69 33 1
0 91 999999837
0 73 999999769
0 179 999999729
0 55 999999669
0 146 999999743
47 81 1
133 195 1
65 94 1
0 173 999999821
197 62 1
95 51 1
0 137 999999909
0 6 999999883
7 43 1
130 15 1
52 160 1
68 6 1
17 127 1
0 131 999999893
0 185 999999879
0 61 999999613
0 123 999999863
0 5 999999915
27 48 1
143 166 1
60 41 1
48 23 1
0 48 999999793
152 25 1
0 87 999999657
0 191 999999659
146 76 1
0 50 999999605
0 187 999999959
129 114 1
0 102 999999993
14 77 1
0 182 999999671
87 191 1
126 107 1
0 45 999999853
0 18 999999843
24 98 1
0 90 999999859
104 128 1
61 17 1
0 42 999999807
0 84 999999835
0 35 999999825
0 100 999999913
20 58 1
0 186 999999813
166 148 1
0 66 999999971
0 34 999999957
0 155 999999933
34 187 1
157 151 1
0 108 999999721
102 198 1
117 112 1
0 194 999999819
79 86 1
0 127 999999617
30 16 1
0 198 999999995
28 200 1
0 16 999999869
0 139 999999827
0 8 999999901
155 174 1
53 61 1
26 159 1
0 85 999999799
0 107 999999999
0 110 999999887
171 192 1
109 178 1
0 96 999999619
132 8 1
0 109 999999711
9 170 1
0 97 999999987
137 56 1
151 164 1
0 83 999999921
161 22 1
0 63 999999979
0 62 999999641
96 158 1
192 18 1
185 68 1
114 97 1
45 64 1
0 119 999999955
0 115 999999701
0 32 999999673
188 88 1
0 51 999999811
38 189 1
21 9 1
70 28 1
0 92 999999633
125 180 1
0 12 999999649
0 57 999999805
0 128 999999637
190 109 1
0 125 999999629
0 184 999999773
44 165 1
33 199 1
0 178 999999713
0 175 999999647
0 136 999999989
0 163 999999969
0 26 999999937
0 174 999999935
0 126 999999997
0 150 999999603
0 37 999999789
0 25 999999847
42 95 1
0 164 999999681
0 148 999999927
134 123 1
138 72 1
176 70 1
101 154 1
0 161 999999643
76 142 1
78 13 1
93 193 1
120 87 1
0 69 999999949
0 31 999999699
0 94 999999977
0 79 999999903
0 140 999999731
0 41 999999765
99 30 1
0 4 999999823
141 75 1
170 55 1
0 197 999999639
46 132 1
43 149 1
73 118 1
191 89 1
147 135 1
0 86 999999905
0 153 999999833
193 144 1
0 59 999999767
0 14 999999945
100 5 1
105 172 1
80 176 1
41 59 1
0 122 999999875
160 31 1
110 133 1
11 108 1
0 78 999999623
0 30 999999867
163 66 1
10 52 1
0 180 999999631
127 96 1
168 54 1
77 69 1
0 28 999999739
37 27 1
0 147 999999929
0 7 999999961
0 188 999999703
12 113 1
0 33 999999951
0 29 999999815
97 136 1
0 199 999999953
23 121 1
162 163 1
0 170 999999667
149 162 1
49 179 1
5 167 1
0 23 999999795
0 124 999999609
0 71 999999777
112 57 1
94 63 1
19 190 1
108 168 1
88 19 1
0 103 999999991
0 114 999999985
1 124 1
0 195 999999891
0 70 999999737
0 157 999999677
0 156 999999787
0 98 999999873
0 93 999999683
0 152 999999845
119 34 1
0 15 999999717
123 99 1
0 190 999999709
0 44 999999749
196 137 1
154 145 1
113 2 1
179 140 1
90 134 1
0 99 999999865
0 40 999999919
0 112 999999803
0 105 999999783
0 138 999999753
75 14 1
85 117 1
0 64 999999855
165 138 1
0 19 999999707
0 60 999999763
0 49 999999727
0 144 999999687
0 74 999999877
0 47 999999689
89 21 1
0 200 999999741
0 36 999999981
106 46 1
156 37 1
0 166 999999925
0 75 999999943
172 156 1
58 105 1
0 158 999999621
0 54 999999725
36 129 1
50 1 1
0 135 999999931
25 38 1
0 143 999999923
136 103 1
0 145 999999761
0 168 999999723
71 20 1
8 79 1
124 53 1
64 39 1
0 39 999999857
0 169 999999627
39 90 1
67 157 1
62 161 1
0 129 999999983
182 32 1
142 44 1
164 93 1
