200 201 1000000000
1 164 500000001
1 135 500000001
1 163 500000001
1 183 500000001
1 73 500000001
1 25 500000001
1 156 500000001
1 46 500000001
1 10 500000001
1 151 500000001
1 82 500000001
1 71 500000001
1 7 500000001
1 11 500000001
1 33 500000001
1 83 500000001
1 66 500000001
1 191 500000001
1 123 500000001
1 59 500000001
1 94 500000001
1 140 500000001
1 32 500000001
1 143 500000001
1 175 500000001
1 134 500000001
1 86 500000001
1 40 500000001
1 152 500000001
1 75 500000001
1 12 500000001
1 41 500000001
1 54 500000001
1 110 500000001
1 14 500000001
1 101 500000001
1 121 500000001
1 177 500000001
1 116 500000001
1 51 500000001
1 29 500000001
1 132 500000001
1 87 500000001
1 8 500000001
1 79 500000001
1 92 500000001
1 165 500000001
1 22 500000001
1 80 500000001
1 126 500000001
1 125 500000001
1 21 500000001
1 170 500000001
1 23 500000001
1 27 500000001
1 31 500000001
1 180 500000001
1 142 500000001
1 139 500000001
1 178 500000001
1 74 500000001
1 93 500000001
1 77 500000001
1 157 500000001
1 174 500000001
1 162 500000001
1 50 500000001
1 173 500000001
1 91 500000001
1 67 500000001
1 4 500000001
1 35 500000001
1 104 500000001
1 3 500000001
1 200 500000001
1 56 500000001
1 76 500000001
1 182 500000001
1 124 500000001
1 149 500000001
1 148 500000001
1 20 500000001
1 187 500000001
1 107 500000001
1 196 500000001
1 109 500000001
1 130 500000001
1 172 500000001
1 171 500000001
1 190 500000001
1 185 500000001
1 19 500000001
1 201 500000000
1 189 500000001
1 133 500000001
1 24 500000001
1 65 500000001
1 45 500000001
1 154 500000001
1 158 500000001
1 52 500000001
1 81 500000001
1 9 500000001
1 166 500000001
1 144 500000001
1 63 500000001
1 26 500000001
1 39 500000001
1 169 500000001
1 28 500000001
1 84 500000001
1 69 500000001
1 61 500000001
1 197 500000001
1 99 500000001
1 97 500000001
1 146 500000001
1 72 500000001
1 136 500000001
1 127 500000001
1 122 500000001
1 160 500000001
1 145 500000001
1 57 500000001
1 85 500000001
1 193 500000001
1 137 500000001
1 112 500000001
1 111 500000001
1 15 500000001
1 43 500000001
1 198 500000001
1 176 500000001
1 199 500000001
1 70 500000001
1 60 500000001
1 194 500000001
1 161 500000001
1 88 500000001
1 18 500000001
1 195 500000001
1 2 500000001
1 38 500000001
1 42 500000001
1 49 500000001
1 105 500000001
1 128 500000001
0 1 500000000
1 78 500000001
1 167 500000001
1 131 500000001
1 53 500000001
1 119 500000001
1 186 500000001
1 103 500000001
1 47 500000001
1 62 500000001
1 117 500000001
1 37 500000001
1 108 500000001
1 118 500000001
1 155 500000001
1 114 500000001
1 168 500000001
1 58 500000001
1 5 500000001
1 64 500000001
1 181 500000001
1 153 500000001
1 17 500000001
1 96 500000001
1 16 500000001
1 68 500000001
1 138 500000001
1 147 500000001
1 13 500000001
1 89 500000001
1 179 500000001
1 159 500000001
1 106 500000001
1 95 500000001
1 30 500000001
1 90 500000001
1 102 500000001
1 34 500000001
1 120 500000001
1 192 500000001
1 129 500000001
1 184 500000001
1 100 500000001
1 48 500000001
1 115 500000001
1 113 500000001
1 36 500000001
1 188 500000001
1 55 500000001
1 6 500000001
1 150 500000001
1 44 500000001
1 141 500000001
1 98 500000001
