200 4003 47
40 105 1
72 81 1
62 177 1
188 45 1
102 195 1
50 177 1
154 87 1
66 69 1
96 15 1
30 39 1
108 135 1
104 171 1
60 189 1
51 115 1
16 189 1
132 21 1
112 183 1
102 27 1
117 25 1
81 65 1
144 177 1
42 135 1
3 25 1
77 187 1
62 15 1
45 95 1
138 135 1
94 141 1
126 177 1
38 57 1
132 183 1
54 129 1
117 115 1
186 9 1
195 95 1
107 109 1
178 177 1
180 189 1
86 75 1
175 7 1
198 75 1
118 15 1
78 81 1
8 39 1
174 159 1
33 115 1
10 45 1
42 9 1
84 189 1
156 27 1
150 45 1
82 165 1
182 33 1
116 123 1
2 57 1
18 57 1
12 189 1
184 15 1
18 63 1
54 105 1
45 175 1
170 27 1
72 27 1
180 147 1
22 39 1
180 33 1
122 153 1
20 129 1
34 81 1
200 111 1
14 153 1
16 147 1
2 27 1
146 51 1
25 7 1
152 63 1
158 99 1
54 159 1
4 105 1
20 69 1
114 45 1
140 51 1
85 91 1
0 78 1
129 5 1
112 177 1
6 15 1
183 115 1
152 93 1
100 129 1
78 171 1
123 85 1
86 183 1
3 85 1
196 183 1
78 153 1
171 125 1
32 105 1
162 45 1
34 189 1
34 123 1
152 105 1
99 55 1
86 123 1
74 183 1
46 63 1
16 171 1
78 87 1
50 123 1
16 45 1
156 171 1
36 75 1
2 153 1
70 51 1
104 123 1
72 57 1
154 81 1
196 27 1
54 177 1
178 3 1
76 33 1
12 111 1
168 63 1
116 75 1
159 185 1
62 153 1
26 129 1
122 123 1
150 147 1
158 171 1
116 177 1
172 87 1
4 147 1
20 93 1
0 160 1
134 69 1
8 147 1
140 33 1
54 81 1
28 123 1
78 117 1
120 105 1
183 25 1
99 115 1
114 105 1
35 161 1
48 75 1
18 99 1
86 189 1
114 99 1
132 159 1
25 161 1
98 57 1
58 99 1
182 183 1
30 9 1
160 141 1
59 61 1
162 123 1
122 57 1
134 39 1
36 183 1
70 3 1
108 75 1
94 45 1
178 117 1
46 69 1
193 197 1
72 9 1
110 117 1
142 177 1
2 135 1
90 129 1
108 27 1
141 25 1
16 165 1
186 135 1
186 165 1
177 95 1
154 159 1
52 171 1
48 51 1
64 75 1
124 21 1
26 111 1
16 21 1
110 45 1
162 33 1
26 57 1
62 111 1
14 117 1
130 27 1
0 22 1
56 9 1
182 69 1
154 129 1
102 141 1
54 111 1
51 5 1
70 159 1
152 117 1
64 117 1
142 75 1
74 117 1
174 27 1
22 45 1
162 111 1
154 171 1
14 87 1
20 51 1
132 45 1
190 135 1
114 159 1
38 51 1
0 44 1
78 195 1
140 141 1
188 135 1
150 141 1
118 177 1
72 195 1
118 27 1
70 87 1
0 138 1
92 159 1
164 81 1
138 81 1
52 87 1
90 3 1
156 153 1
27 5 1
188 159 1
192 27 1
75 115 1
73 79 1
160 15 1
18 129 1
91 143 1
184 21 1
0 60 1
54 69 1
146 147 1
68 81 1
132 3 1
188 111 1
156 141 1
134 105 1
44 27 1
82 111 1
174 51 1
69 125 1
64 51 1
76 147 1
159 25 1
130 69 1
166 69 1
65 133 1
26 3 1
74 105 1
52 45 1
94 15 1
4 33 1
180 141 1
22 3 1
50 195 1
86 87 1
32 99 1
24 57 1
77 143 1
142 51 1
54 99 1
28 159 1
150 153 1
132 153 1
4 9 1
126 39 1
182 153 1
94 183 1
28 153 1
195 155 1
104 51 1
128 147 1
165 125 1
172 63 1
16 75 1
170 81 1
88 69 1
177 155 1
0 68 1
40 87 1
120 171 1
142 117 1
133 11 1
6 159 1
90 93 1
170 117 1
57 5 1
170 87 1
54 135 1
81 35 1
172 99 1
161 143 1
56 45 1
42 3 1
56 171 1
154 153 1
174 33 1
102 111 1
100 57 1
84 3 1
150 177 1
48 159 1
4 177 1
39 125 1
178 39 1
188 153 1
0 46 1
118 21 1
76 177 1
164 195 1
186 123 1
194 39 1
66 135 1
192 51 1
124 93 1
198 183 1
51 175 1
112 189 1
198 105 1
84 9 1
130 147 1
72 123 1
12 15 1
7 187 1
96 99 1
70 21 1
200 189 1
46 135 1
162 57 1
138 159 1
186 3 1
94 123 1
106 39 1
200 123 1
36 129 1
180 99 1
172 123 1
138 33 1
58 87 1
132 129 1
38 63 1
188 15 1
93 155 1
132 117 1
38 27 1
40 69 1
3 65 1
102 93 1
56 189 1
152 75 1
184 27 1
154 33 1
4 87 1
120 183 1
10 75 1
98 81 1
12 171 1
72 99 1
198 51 1
96 87 1
152 153 1
80 3 1
124 81 1
116 159 1
12 183 1
88 123 1
96 123 1
32 183 1
176 51 1
94 9 1
10 27 1
39 185 1
112 57 1
128 3 1
100 27 1
124 15 1
106 15 1
48 189 1
50 63 1
70 177 1
84 81 1
86 45 1
162 99 1
62 3 1
174 141 1
136 45 1
144 33 1
96 63 1
36 195 1
198 159 1
84 123 1
40 123 1
198 165 1
14 147 1
174 129 1
62 117 1
24 63 1
194 111 1
30 81 1
6 189 1
84 177 1
0 150 1
180 57 1
38 45 1
5 161 1
150 3 1
55 7 1
176 57 1
22 105 1
136 21 1
174 39 1
34 177 1
176 63 1
128 195 1
18 147 1
80 51 1
48 111 1
138 147 1
129 35 1
56 51 1
102 117 1
168 45 1
146 33 1
32 15 1
18 15 1
8 165 1
190 141 1
152 129 1
170 183 1
160 183 1
64 69 1
158 105 1
173 179 1
88 15 1
55 77 1
150 63 1
114 27 1
4 45 1
122 189 1
174 93 1
6 39 1
134 177 1
58 33 1
126 87 1
22 111 1
130 141 1
90 63 1
8 33 1
182 159 1
70 27 1
106 183 1
100 75 1
60 27 1
172 39 1
104 153 1
132 195 1
186 21 1
174 117 1
196 123 1
8 45 1
0 182 1
140 69 1
50 183 1
12 39 1
155 161 1
138 45 1
109 113 1
48 147 1
32 39 1
198 171 1
2 111 1
82 99 1
32 33 1
170 9 1
120 135 1
152 69 1
88 39 1
4 15 1
0 194 1
192 159 1
182 15 1
44 87 1
152 81 1
2 105 1
50 27 1
10 51 1
152 45 1
0 106 1
154 135 1
186 117 1
60 183 1
40 51 1
9 65 1
138 141 1
32 3 1
24 45 1
6 177 1
75 85 1
76 159 1
72 141 1
178 147 1
66 51 1
115 77 1
134 183 1
124 153 1
168 165 1
62 75 1
136 111 1
42 147 1
170 57 1
40 45 1
27 115 1
164 183 1
86 3 1
98 9 1
10 3 1
87 25 1
192 3 1
111 125 1
20 57 1
22 195 1
46 129 1
146 21 1
106 21 1
58 39 1
30 51 1
20 9 1
110 129 1
108 123 1
108 189 1
34 69 1
105 115 1
140 117 1
90 81 1
170 153 1
26 153 1
104 159 1
199 201 1
177 5 1
164 171 1
14 93 1
184 45 1
40 135 1
187 169 1
66 129 1
102 123 1
12 3 1
128 135 1
148 141 1
177 185 1
130 183 1
15 55 1
114 177 1
28 177 1
0 130 1
100 105 1
96 27 1
82 27 1
86 129 1
48 117 1
122 93 1
2 129 1
88 141 1
54 57 1
172 51 1
64 129 1
16 15 1
88 159 1
75 95 1
42 69 1
4 135 1
144 15 1
110 39 1
34 159 1
105 95 1
165 185 1
76 99 1
180 165 1
110 105 1
0 122 1
138 105 1
198 147 1
74 141 1
144 135 1
44 177 1
50 75 1
62 51 1
4 81 1
58 75 1
62 147 1
108 45 1
160 57 1
93 145 1
114 129 1
184 87 1
136 75 1
80 45 1
148 177 1
75 145 1
50 147 1
142 21 1
26 147 1
162 9 1
114 39 1
66 123 1
0 14 1
44 153 1
153 155 1
44 183 1
50 93 1
122 177 1
26 63 1
164 33 1
60 87 1
126 63 1
2 117 1
111 35 1
60 69 1
198 15 1
60 33 1
147 185 1
112 99 1
165 115 1
54 33 1
96 93 1
100 153 1
74 99 1
48 69 1
24 141 1
150 21 1
78 105 1
46 3 1
30 27 1
168 75 1
18 45 1
196 69 1
78 165 1
116 195 1
18 117 1
184 183 1
76 129 1
70 117 1
111 25 1
38 105 1
14 15 1
75 155 1
0 16 1
119 143 1
166 105 1
64 39 1
196 165 1
84 45 1
94 105 1
4 69 1
138 3 1
130 75 1
22 33 1
88 93 1
128 165 1
158 33 1
82 63 1
105 5 1
145 133 1
65 77 1
92 69 1
188 165 1
40 153 1
88 165 1
154 189 1
186 45 1
91 187 1
76 27 1
94 189 1
82 129 1
175 49 1
32 45 1
27 125 1
93 185 1
183 55 1
70 93 1
2 87 1
18 189 1
102 63 1
56 63 1
56 33 1
146 81 1
30 117 1
183 5 1
48 39 1
79 83 1
117 155 1
136 189 1
138 63 1
91 11 1
158 51 1
146 105 1
8 93 1
0 40 1
86 159 1
174 15 1
9 55 1
46 189 1
72 183 1
4 111 1
150 111 1
152 9 1
78 159 1
35 49 1
168 159 1
72 75 1
130 117 1
60 177 1
36 3 1
170 111 1
198 93 1
88 117 1
130 3 1
123 175 1
150 69 1
132 51 1
27 155 1
190 9 1
134 195 1
136 171 1
32 27 1
25 91 1
88 99 1
100 9 1
146 27 1
10 195 1
16 63 1
18 33 1
86 69 1
86 99 1
0 186 1
112 27 1
6 9 1
10 141 1
82 9 1
114 189 1
140 135 1
150 93 1
90 153 1
32 165 1
168 27 1
0 154 1
51 125 1
154 117 1
68 9 1
100 63 1
49 143 1
140 39 1
148 153 1
192 165 1
164 123 1
10 153 1
66 93 1
159 175 1
166 117 1
188 51 1
64 189 1
90 159 1
32 117 1
170 63 1
44 93 1
0 108 1
141 175 1
142 81 1
192 123 1
54 165 1
132 165 1
12 45 1
74 75 1
51 145 1
106 159 1
86 195 1
156 159 1
0 188 1
134 117 1
38 171 1
164 99 1
56 195 1
22 27 1
106 27 1
176 99 1
174 69 1
137 139 1
7 143 1
126 153 1
66 183 1
82 81 1
118 75 1
72 63 1
72 93 1
190 171 1
39 95 1
194 117 1
126 51 1
12 165 1
134 135 1
176 111 1
112 15 1
76 75 1
96 105 1
22 117 1
172 147 1
108 9 1
168 15 1
0 2 1
14 27 1
182 189 1
192 171 1
74 165 1
178 123 1
186 171 1
0 56 1
140 153 1
78 9 1
37 41 1
92 9 1
156 129 1
104 111 1
72 51 1
39 35 1
26 105 1
12 147 1
34 135 1
98 69 1
95 7 1
123 65 1
10 171 1
185 119 1
38 183 1
153 55 1
36 117 1
34 9 1
74 81 1
189 65 1
0 144 1
184 75 1
32 69 1
12 117 1
84 111 1
21 55 1
112 75 1
148 51 1
188 189 1
160 99 1
154 45 1
38 93 1
87 85 1
82 195 1
166 135 1
32 171 1
164 129 1
92 177 1
99 145 1
116 39 1
200 45 1
147 65 1
34 129 1
196 177 1
22 57 1
140 21 1
18 69 1
126 81 1
114 165 1
96 189 1
166 9 1
164 69 1
20 33 1
156 9 1
70 99 1
156 105 1
178 75 1
164 165 1
177 85 1
190 177 1
120 81 1
128 51 1
56 177 1
45 85 1
0 1 48
14 21 1
108 15 1
194 93 1
87 55 1
16 33 1
24 159 1
142 15 1
71 73 1
90 75 1
18 183 1
111 65 1
177 35 1
190 45 1
117 125 1
14 189 1
21 85 1
112 123 1
196 105 1
94 69 1
156 177 1
81 175 1
74 195 1
186 39 1
38 99 1
0 162 1
94 117 1
52 105 1
142 45 1
105 85 1
88 153 1
80 81 1
188 63 1
118 189 1
168 135 1
44 141 1
26 123 1
96 69 1
14 69 1
94 159 1
26 27 1
24 93 1
60 135 1
45 125 1
48 57 1
90 57 1
102 177 1
28 69 1
164 63 1
0 184 1
48 93 1
112 21 1
154 51 1
150 135 1
15 175 1
64 15 1
153 145 1
166 93 1
90 189 1
136 51 1
99 95 1
136 93 1
42 189 1
164 51 1
50 117 1
138 87 1
141 5 1
45 185 1
84 33 1
192 9 1
42 51 1
122 9 1
178 195 1
38 159 1
156 195 1
30 75 1
64 105 1
144 21 1
100 183 1
22 15 1
28 135 1
104 177 1
44 9 1
184 9 1
0 148 1
144 75 1
138 111 1
63 115 1
58 3 1
0 118 1
56 165 1
140 87 1
125 7 1
95 161 1
108 99 1
100 117 1
86 27 1
88 105 1
102 105 1
132 93 1
126 147 1
186 87 1
194 3 1
166 99 1
100 123 1
108 129 1
198 39 1
42 123 1
146 99 1
44 135 1
90 27 1
118 57 1
146 165 1
85 7 1
24 3 1
76 165 1
0 110 1
192 153 1
154 9 1
160 111 1
165 55 1
28 105 1
32 135 1
38 15 1
43 47 1
51 65 1
90 141 1
162 39 1
190 93 1
160 33 1
82 51 1
156 87 1
192 195 1
60 195 1
49 11 1
26 135 1
10 9 1
182 57 1
48 3 1
30 69 1
142 123 1
74 27 1
51 35 1
124 165 1
177 125 1
42 117 1
188 195 1
34 51 1
102 129 1
0 62 1
28 63 1
44 15 1
72 69 1
146 63 1
162 51 1
50 171 1
111 115 1
26 93 1
48 129 1
108 141 1
110 27 1
158 87 1
17 19 1
42 141 1
32 21 1
132 15 1
140 57 1
140 99 1
29 31 1
186 147 1
68 93 1
156 147 1
12 177 1
45 115 1
142 39 1
148 15 1
132 87 1
93 35 1
159 145 1
144 123 1
188 123 1
172 57 1
146 153 1
129 115 1
4 129 1
138 195 1
147 145 1
32 51 1
35 7 1
36 87 1
118 183 1
62 183 1
188 21 1
162 171 1
61 67 1
35 77 1
150 57 1
196 141 1
174 81 1
166 195 1
166 81 1
102 69 1
0 20 1
93 5 1
82 177 1
196 189 1
0 58 1
146 87 1
28 183 1
148 45 1
84 141 1
15 25 1
0 170 1
4 93 1
0 100 1
114 81 1
110 141 1
162 105 1
28 111 1
95 77 1
166 165 1
172 141 1
76 9 1
114 123 1
120 93 1
180 15 1
34 15 1
148 129 1
2 171 1
158 195 1
32 189 1
190 39 1
52 147 1
134 75 1
84 183 1
33 175 1
82 189 1
16 51 1
138 93 1
158 75 1
36 81 1
0 76 1
56 69 1
52 9 1
96 165 1
8 183 1
96 159 1
141 155 1
10 63 1
188 141 1
200 69 1
63 65 1
10 177 1
12 141 1
26 117 1
200 27 1
182 93 1
182 117 1
28 117 1
38 111 1
32 87 1
102 165 1
126 99 1
82 45 1
32 111 1
36 99 1
124 147 1
130 171 1
28 57 1
100 195 1
162 93 1
76 183 1
92 45 1
190 63 1
22 81 1
30 189 1
178 93 1
80 105 1
160 21 1
126 171 1
123 5 1
120 177 1
54 45 1
100 39 1
52 39 1
0 52 1
14 165 1
9 85 1
102 3 1
120 153 1
105 125 1
136 69 1
76 57 1
148 27 1
0 178 1
158 135 1
180 63 1
86 171 1
40 177 1
54 51 1
70 147 1
88 3 1
46 183 1
161 121 1
70 39 1
74 15 1
0 6 1
184 117 1
111 55 1
122 171 1
108 93 1
20 75 1
50 153 1
153 65 1
120 3 1
132 39 1
98 183 1
42 165 1
36 93 1
164 15 1
130 189 1
170 189 1
160 147 1
63 155 1
184 129 1
56 99 1
170 3 1
154 183 1
84 27 1
100 99 1
105 25 1
8 177 1
51 155 1
122 111 1
176 33 1
146 9 1
184 33 1
93 115 1
176 177 1
68 69 1
126 69 1
114 111 1
164 147 1
93 125 1
3 155 1
196 21 1
0 164 1
200 87 1
69 65 1
68 63 1
114 183 1
92 93 1
6 171 1
6 45 1
36 105 1
28 189 1
0 84 1
189 25 1
134 99 1
122 39 1
123 95 1
200 159 1
58 129 1
75 65 1
106 195 1
46 81 1
78 141 1
114 15 1
186 33 1
180 195 1
144 147 1
30 135 1
176 135 1
165 35 1
122 99 1
114 9 1
78 3 1
44 189 1
192 111 1
28 33 1
18 153 1
111 145 1
14 81 1
12 9 1
58 105 1
188 27 1
94 39 1
200 51 1
66 39 1
176 9 1
196 153 1
150 183 1
34 105 1
28 99 1
182 21 1
44 147 1
4 117 1
76 153 1
54 189 1
182 99 1
78 45 1
188 87 1
99 65 1
200 9 1
68 105 1
106 105 1
16 57 1
26 75 1
78 15 1
9 185 1
8 63 1
65 7 1
92 141 1
200 153 1
174 111 1
28 27 1
72 105 1
136 117 1
127 131 1
135 85 1
7 121 1
160 189 1
68 195 1
134 15 1
8 69 1
44 21 1
110 99 1
69 25 1
40 81 1
70 69 1
166 15 1
98 105 1
44 159 1
14 111 1
138 51 1
159 125 1
86 9 1
176 105 1
159 85 1
95 133 1
70 171 1
60 105 1
66 3 1
0 124 1
90 15 1
135 35 1
14 99 1
178 33 1
122 21 1
44 123 1
162 195 1
114 117 1
45 155 1
116 3 1
84 117 1
24 9 1
40 21 1
42 39 1
18 21 1
162 3 1
166 111 1
195 65 1
126 57 1
8 135 1
36 57 1
9 5 1
128 87 1
154 69 1
150 171 1
8 189 1
20 195 1
72 177 1
140 27 1
75 175 1
12 33 1
118 135 1
162 135 1
98 93 1
20 99 1
174 177 1
78 51 1
116 105 1
134 123 1
172 171 1
80 63 1
120 27 1
0 190 1
24 183 1
0 80 1
75 55 1
133 143 1
118 33 1
80 177 1
62 189 1
156 81 1
80 57 1
164 21 1
102 81 1
147 125 1
136 123 1
155 7 1
200 33 1
58 81 1
123 145 1
160 177 1
38 141 1
50 189 1
150 75 1
50 9 1
12 51 1
136 135 1
27 65 1
120 195 1
22 189 1
182 111 1
111 95 1
118 153 1
185 91 1
106 33 1
120 39 1
62 27 1
72 117 1
4 27 1
48 99 1
21 25 1
198 123 1
20 153 1
134 81 1
76 63 1
9 115 1
102 135 1
102 21 1
10 111 1
150 129 1
158 63 1
0 104 1
118 45 1
172 183 1
112 81 1
117 85 1
190 189 1
81 95 1
27 25 1
140 63 1
150 87 1
15 115 1
100 159 1
2 93 1
104 141 1
146 69 1
104 129 1
140 183 1
190 147 1
33 65 1
160 123 1
166 147 1
180 75 1
164 117 1
144 9 1
170 141 1
55 133 1
140 195 1
46 33 1
25 119 1
140 171 1
36 177 1
33 145 1
0 38 1
64 3 1
182 27 1
54 141 1
62 171 1
152 3 1
110 153 1
76 189 1
26 159 1
69 155 1
24 147 1
88 129 1
175 91 1
194 9 1
38 33 1
130 159 1
62 159 1
18 39 1
40 189 1
38 195 1
178 159 1
200 171 1
58 165 1
39 25 1
18 81 1
190 57 1
34 27 1
126 27 1
74 39 1
45 145 1
46 117 1
28 129 1
44 99 1
129 175 1
130 21 1
54 171 1
144 195 1
128 57 1
52 135 1
30 3 1
168 111 1
76 195 1
20 177 1
92 51 1
38 39 1
84 87 1
122 81 1
142 171 1
196 15 1
155 49 1
66 27 1
16 81 1
58 171 1
64 111 1
184 3 1
112 129 1
58 135 1
184 99 1
126 159 1
16 105 1
56 105 1
75 185 1
114 21 1
174 153 1
66 195 1
74 189 1
0 50 1
48 21 1
58 27 1
164 9 1
176 21 1
162 63 1
58 93 1
104 63 1
144 45 1
44 81 1
44 39 1
58 63 1
78 123 1
36 165 1
176 129 1
8 153 1
68 141 1
72 33 1
198 177 1
188 81 1
194 87 1
46 45 1
10 183 1
138 75 1
189 185 1
156 99 1
10 105 1
126 129 1
116 15 1
148 189 1
122 141 1
32 195 1
76 15 1
50 105 1
18 75 1
12 123 1
192 105 1
81 5 1
144 69 1
144 141 1
100 33 1
70 123 1
60 51 1
196 63 1
195 115 1
116 93 1
64 81 1
194 75 1
148 39 1
87 155 1
174 57 1
52 75 1
195 5 1
116 189 1
39 145 1
122 147 1
8 9 1
112 93 1
108 81 1
52 165 1
170 93 1
106 147 1
25 133 1
194 183 1
98 195 1
150 15 1
22 147 1
21 115 1
194 189 1
50 3 1
68 165 1
22 69 1
33 55 1
30 105 1
166 75 1
148 99 1
104 45 1
20 87 1
20 15 1
28 171 1
90 123 1
140 165 1
52 63 1
192 81 1
180 111 1
84 15 1
111 5 1
108 51 1
196 171 1
5 7 1
146 141 1
190 75 1
106 171 1
16 183 1
34 3 1
92 57 1
0 112 1
158 123 1
132 99 1
171 175 1
104 183 1
134 51 1
128 183 1
142 3 1
78 93 1
14 159 1
46 165 1
183 85 1
108 171 1
36 45 1
39 175 1
200 39 1
190 27 1
186 189 1
12 93 1
184 93 1
98 165 1
84 57 1
126 3 1
117 55 1
150 117 1
177 65 1
160 27 1
26 15 1
92 147 1
176 75 1
112 45 1
0 114 1
186 99 1
102 147 1
114 57 1
145 119 1
153 115 1
188 9 1
94 165 1
76 171 1
99 35 1
16 117 1
66 45 1
184 171 1
51 55 1
148 21 1
90 87 1
124 111 1
54 27 1
98 51 1
154 21 1
78 33 1
164 87 1
184 141 1
158 159 1
122 195 1
22 75 1
46 141 1
152 33 1
4 57 1
136 27 1
170 105 1
22 153 1
196 3 1
8 129 1
180 171 1
142 69 1
166 63 1
92 105 1
38 123 1
194 123 1
194 21 1
12 21 1
70 135 1
141 185 1
32 159 1
32 129 1
134 3 1
142 129 1
126 165 1
162 147 1
12 153 1
92 27 1
88 45 1
94 51 1
18 105 1
56 135 1
172 15 1
11 169 1
26 177 1
57 155 1
94 63 1
95 119 1
104 147 1
64 33 1
198 27 1
138 183 1
78 75 1
129 125 1
10 21 1
50 135 1
122 69 1
192 177 1
164 189 1
200 195 1
112 9 1
168 69 1
178 27 1
95 49 1
133 187 1
139 149 1
2 33 1
147 85 1
102 87 1
80 93 1
88 183 1
46 177 1
194 57 1
121 169 1
24 33 1
184 105 1
70 15 1
4 39 1
3 125 1
8 195 1
40 171 1
92 81 1
114 63 1
162 129 1
115 161 1
148 135 1
58 21 1
158 69 1
74 111 1
156 111 1
198 3 1
101 103 1
196 81 1
147 55 1
60 3 1
176 39 1
36 189 1
125 91 1
128 27 1
57 85 1
141 115 1
180 117 1
150 123 1
129 95 1
39 85 1
156 75 1
74 51 1
70 81 1
9 25 1
189 145 1
189 55 1
128 177 1
189 115 1
110 69 1
182 171 1
184 51 1
190 51 1
154 177 1
195 55 1
106 153 1
36 135 1
144 57 1
18 159 1
32 81 1
0 26 1
18 177 1
177 25 1
178 129 1
20 123 1
190 165 1
180 87 1
34 171 1
183 35 1
105 145 1
16 177 1
20 189 1
154 39 1
18 123 1
135 125 1
114 3 1
168 51 1
148 105 1
118 99 1
74 159 1
48 45 1
26 165 1
132 189 1
186 51 1
38 165 1
0 200 1
91 121 1
16 99 1
18 111 1
124 3 1
88 147 1
66 111 1
74 9 1
156 117 1
190 129 1
69 85 1
74 87 1
159 155 1
6 153 1
118 111 1
58 153 1
124 189 1
168 33 1
124 195 1
174 105 1
24 105 1
172 45 1
134 57 1
54 3 1
97 101 1
0 66 1
128 33 1
191 201 5
166 183 1
126 21 1
39 55 1
165 145 1
184 111 1
184 57 1
135 65 1
134 93 1
46 9 1
160 153 1
148 159 1
192 75 1
35 119 1
116 153 1
197 199 1
194 129 1
110 111 1
144 51 1
45 55 1
189 5 1
68 147 1
142 189 1
135 5 1
3 5 1
62 81 1
140 189 1
96 39 1
187 13 1
88 189 1
100 147 1
162 21 1
88 33 1
134 21 1
136 9 1
20 171 1
100 21 1
16 69 1
10 135 1
122 63 1
192 129 1
138 153 1
115 133 1
112 147 1
50 87 1
82 183 1
84 171 1
192 147 1
124 177 1
69 55 1
96 171 1
76 3 1
116 141 1
30 177 1
116 69 1
188 57 1
124 123 1
64 93 1
106 177 1
124 87 1
172 105 1
28 93 1
92 183 1
178 111 1
192 33 1
66 21 1
94 27 1
102 9 1
82 33 1
172 21 1
126 123 1
14 3 1
182 165 1
182 129 1
15 125 1
180 159 1
62 57 1
28 9 1
27 185 1
10 57 1
90 21 1
57 145 1
87 115 1
148 93 1
134 153 1
10 93 1
166 39 1
188 39 1
98 63 1
72 171 1
23 29 1
50 165 1
96 153 1
123 55 1
36 21 1
130 45 1
66 117 1
20 117 1
2 39 1
6 117 1
66 15 1
34 21 1
180 39 1
134 33 1
42 99 1
64 45 1
74 57 1
38 147 1
152 51 1
92 189 1
85 49 1
184 189 1
178 9 1
82 105 1
130 99 1
82 93 1
36 147 1
2 63 1
168 189 1
69 145 1
169 17 1
0 158 1
98 87 1
134 9 1
182 63 1
172 81 1
196 135 1
122 87 1
165 95 1
104 195 1
65 91 1
130 165 1
48 177 1
50 45 1
114 69 1
166 27 1
178 87 1
122 3 1
160 87 1
80 153 1
116 117 1
90 117 1
118 87 1
156 39 1
42 153 1
12 81 1
52 129 1
84 195 1
108 177 1
28 3 1
183 155 1
141 145 1
56 21 1
156 15 1
126 9 1
100 135 1
15 185 1
76 69 1
82 141 1
117 175 1
56 93 1
18 93 1
104 57 1
80 129 1
189 155 1
69 95 1
120 129 1
120 111 1
34 99 1
96 21 1
102 57 1
128 129 1
94 81 1
194 105 1
186 177 1
86 15 1
162 81 1
92 99 1
152 111 1
126 183 1
104 135 1
70 141 1
78 129 1
158 141 1
192 63 1
95 91 1
36 33 1
135 55 1
186 63 1
170 51 1
125 119 1
80 123 1
10 129 1
124 105 1
128 81 1
84 129 1
122 105 1
88 57 1
22 165 1
170 135 1
6 147 1
10 165 1
112 111 1
88 51 1
34 93 1
5 49 1
0 74 1
46 105 1
142 111 1
172 177 1
120 141 1
8 57 1
6 183 1
12 63 1
80 21 1
110 183 1
198 21 1
200 3 1
164 159 1
84 159 1
84 93 1
104 189 1
8 141 1
142 141 1
178 153 1
50 15 1
94 147 1
180 123 1
178 81 1
138 117 1
16 153 1
10 159 1
34 45 1
80 135 1
56 153 1
136 141 1
50 141 1
116 147 1
102 189 1
74 153 1
64 195 1
192 87 1
34 195 1
94 57 1
106 9 1
100 69 1
60 141 1
188 147 1
136 3 1
128 39 1
132 171 1
148 69 1
123 155 1
136 165 1
10 81 1
144 93 1
128 93 1
130 129 1
50 81 1
116 51 1
155 133 1
54 87 1
158 9 1
13 17 1
146 177 1
160 9 1
30 159 1
110 135 1
68 87 1
110 147 1
134 165 1
87 65 1
22 63 1
130 111 1
176 93 1
40 93 1
182 45 1
162 87 1
108 39 1
144 153 1
108 69 1
78 39 1
45 25 1
35 133 1
16 3 1
190 99 1
124 27 1
52 33 1
106 45 1
0 36 1
58 189 1
66 147 1
111 185 1
160 39 1
24 123 1
2 81 1
150 105 1
134 141 1
87 5 1
172 165 1
120 87 1
0 64 1
14 45 1
0 126 1
156 189 1
200 93 1
86 111 1
84 147 1
26 99 1
86 39 1
184 63 1
74 69 1
28 21 1
51 85 1
56 81 1
76 21 1
0 192 1
176 27 1
125 77 1
58 45 1
184 195 1
156 165 1
192 99 1
170 99 1
76 105 1
184 69 1
54 39 1
57 35 1
166 189 1
42 87 1
154 15 1
162 159 1
128 45 1
110 51 1
34 165 1
20 141 1
194 51 1
112 141 1
12 195 1
170 129 1
108 147 1
90 195 1
132 147 1
98 141 1
136 153 1
66 33 1
154 111 1
138 129 1
105 175 1
44 195 1
40 9 1
56 27 1
116 63 1
166 45 1
196 99 1
55 119 1
165 155 1
26 39 1
98 147 1
56 129 1
93 65 1
135 95 1
87 185 1
168 39 1
52 153 1
54 117 1
140 9 1
80 117 1
134 27 1
106 63 1
80 195 1
196 129 1
124 99 1
108 87 1
68 111 1
174 165 1
60 9 1
154 165 1
143 169 1
42 75 1
104 27 1
69 35 1
144 117 1
72 15 1
144 63 1
192 45 1
68 51 1
115 7 1
130 135 1
24 171 1
131 137 1
78 27 1
66 75 1
58 57 1
22 177 1
36 15 1
124 69 1
84 75 1
130 39 1
190 153 1
74 45 1
140 81 1
116 129 1
26 9 1
48 27 1
30 45 1
88 195 1
190 21 1
22 99 1
176 45 1
171 35 1
44 117 1
88 111 1
56 75 1
100 165 1
150 195 1
45 65 1
14 9 1
12 27 1
51 25 1
10 123 1
2 69 1
42 183 1
195 145 1
24 27 1
194 33 1
36 141 1
68 21 1
36 123 1
24 165 1
136 105 1
48 165 1
153 35 1
60 45 1
32 153 1
32 93 1
200 15 1
184 123 1
24 117 1
138 39 1
54 75 1
168 141 1
50 21 1
20 39 1
68 135 1
110 81 1
130 93 1
180 135 1
144 165 1
186 159 1
96 147 1
44 3 1
28 147 1
74 123 1
42 171 1
46 27 1
136 39 1
60 123 1
198 99 1
190 105 1
14 195 1
78 21 1
55 91 1
64 99 1
126 105 1
30 21 1
50 159 1
8 3 1
134 63 1
96 195 1
10 117 1
45 5 1
52 15 1
183 175 1
106 189 1
88 135 1
92 39 1
7 11 1
52 57 1
80 159 1
112 51 1
172 9 1
183 65 1
184 81 1
21 145 1
148 57 1
40 99 1
182 135 1
125 161 1
146 57 1
72 39 1
198 189 1
106 3 1
188 105 1
30 93 1
152 27 1
142 63 1
160 117 1
130 33 1
60 159 1
70 75 1
80 15 1
161 187 1
5 77 1
160 51 1
138 57 1
142 57 1
90 183 1
162 69 1
168 81 1
0 102 1
98 3 1
46 87 1
16 27 1
135 155 1
168 99 1
194 147 1
130 153 1
138 123 1
40 129 1
44 171 1
32 141 1
3 95 1
90 39 1
78 135 1
195 35 1
12 69 1
178 171 1
150 165 1
125 133 1
88 87 1
62 99 1
196 111 1
98 177 1
164 39 1
33 35 1
40 147 1
28 141 1
18 195 1
58 141 1
188 99 1
184 39 1
2 177 1
160 45 1
120 21 1
40 63 1
88 9 1
116 135 1
186 93 1
20 81 1
60 39 1
188 129 1
58 183 1
72 165 1
96 117 1
166 57 1
42 63 1
136 15 1
2 3 1
30 171 1
150 9 1
102 159 1
34 63 1
100 93 1
20 147 1
121 13 1
19 23 1
196 117 1
106 165 1
80 9 1
158 3 1
42 15 1
58 117 1
15 145 1
70 45 1
24 39 1
90 111 1
63 95 1
78 189 1
102 183 1
66 105 1
77 121 1
142 87 1
38 117 1
138 189 1
99 155 1
46 195 1
178 51 1
18 51 1
136 81 1
6 111 1
54 195 1
112 171 1
186 75 1
158 93 1
124 75 1
69 185 1
99 85 1
106 99 1
6 87 1
58 69 1
24 153 1
135 175 1
196 57 1
116 21 1
118 81 1
45 35 1
44 105 1
192 93 1
100 3 1
134 129 1
98 171 1
57 95 1
108 111 1
126 111 1
92 3 1
18 141 1
40 165 1
57 115 1
186 153 1
54 93 1
110 195 1
152 15 1
148 33 1
68 39 1
94 135 1
93 25 1
112 33 1
164 27 1
102 51 1
80 27 1
178 165 1
56 57 1
120 63 1
80 183 1
158 177 1
12 105 1
183 125 1
54 147 1
53 59 1
192 117 1
168 147 1
165 85 1
198 81 1
74 3 1
14 63 1
166 141 1
6 105 1
147 155 1
136 147 1
115 91 1
4 141 1
116 45 1
72 111 1
150 81 1
194 45 1
154 141 1
26 33 1
30 63 1
22 93 1
186 183 1
16 141 1
124 51 1
176 195 1
111 85 1
30 111 1
184 135 1
200 147 1
110 9 1
154 147 1
36 51 1
46 15 1
162 75 1
58 147 1
69 5 1
129 145 1
135 115 1
148 111 1
3 175 1
175 133 1
4 165 1
84 69 1
200 129 1
165 5 1
198 63 1
114 141 1
0 32 1
48 15 1
70 129 1
70 153 1
52 27 1
54 9 1
132 111 1
0 98 1
198 153 1
76 111 1
142 105 1
116 99 1
128 141 1
100 171 1
6 27 1
188 183 1
70 63 1
132 177 1
98 15 1
98 21 1
130 177 1
185 161 1
100 15 1
21 185 1
49 187 1
2 99 1
52 195 1
168 117 1
86 165 1
124 171 1
156 33 1
120 99 1
146 183 1
38 21 1
74 21 1
164 57 1
146 111 1
66 165 1
190 159 1
144 27 1
190 87 1
192 69 1
60 117 1
52 81 1
63 55 1
186 105 1
100 141 1
102 99 1
60 15 1
90 33 1
4 3 1
142 183 1
189 85 1
30 33 1
198 45 1
194 69 1
36 63 1
30 183 1
24 75 1
190 69 1
125 49 1
92 33 1
80 189 1
39 65 1
32 57 1
32 177 1
154 93 1
68 15 1
176 159 1
22 135 1
93 55 1
142 33 1
153 185 1
66 177 1
152 39 1
108 57 1
40 57 1
56 123 1
104 33 1
40 39 1
174 195 1
63 125 1
172 117 1
105 65 1
4 63 1
12 129 1
65 119 1
98 111 1
48 195 1
42 159 1
38 75 1
66 9 1
90 165 1
94 195 1
10 189 1
158 117 1
108 165 1
52 189 1
136 195 1
171 115 1
98 33 1
108 21 1
176 171 1
114 147 1
105 185 1
48 153 1
80 87 1
10 87 1
86 33 1
38 177 1
0 166 1
166 159 1
116 87 1
22 9 1
194 165 1
35 91 1
182 39 1
76 117 1
68 27 1
57 175 1
20 3 1
26 45 1
32 75 1
28 75 1
168 177 1
188 117 1
102 171 1
81 185 1
198 111 1
178 69 1
185 77 1
148 81 1
147 5 1
6 195 1
50 69 1
135 25 1
86 105 1
0 30 1
30 129 1
10 33 1
56 15 1
129 65 1
119 187 1
153 85 1
98 153 1
120 147 1
174 3 1
170 33 1
132 33 1
72 159 1
120 33 1
195 125 1
124 183 1
15 35 1
188 3 1
176 123 1
66 159 1
128 153 1
194 159 1
182 195 1
172 69 1
178 105 1
102 153 1
40 117 1
50 111 1
159 65 1
86 141 1
183 145 1
196 9 1
148 117 1
0 152 1
126 141 1
120 57 1
82 117 1
16 39 1
6 165 1
40 141 1
144 105 1
88 177 1
86 51 1
74 171 1
186 111 1
94 75 1
162 177 1
30 147 1
152 159 1
78 177 1
144 3 1
126 189 1
128 69 1
42 177 1
74 135 1
96 75 1
140 123 1
200 165 1
116 111 1
80 147 1
14 75 1
154 63 1
64 159 1
134 147 1
12 135 1
20 63 1
0 120 1
99 175 1
200 183 1
134 159 1
120 9 1
52 93 1
196 39 1
111 155 1
0 92 1
51 185 1
150 159 1
32 63 1
30 153 1
63 35 1
156 63 1
96 111 1
110 177 1
39 115 1
194 141 1
6 63 1
132 105 1
2 141 1
132 141 1
158 153 1
150 51 1
96 33 1
172 93 1
40 27 1
172 153 1
100 45 1
26 189 1
108 33 1
176 69 1
90 9 1
164 3 1
134 189 1
14 135 1
87 35 1
48 183 1
6 33 1
92 135 1
76 87 1
4 159 1
2 195 1
50 57 1
31 37 1
39 5 1
112 153 1
159 5 1
15 65 1
54 21 1
58 123 1
72 189 1
82 75 1
72 135 1
158 39 1
180 93 1
190 123 1
12 99 1
88 81 1
9 145 1
182 141 1
180 51 1
171 185 1
104 3 1
118 159 1
24 51 1
80 99 1
28 81 1
119 121 1
115 49 1
98 123 1
66 171 1
152 57 1
158 111 1
188 171 1
87 145 1
110 15 1
60 99 1
112 165 1
96 135 1
158 21 1
87 125 1
170 171 1
150 39 1
60 129 1
178 189 1
84 135 1
142 93 1
156 57 1
98 189 1
124 33 1
168 123 1
26 171 1
146 159 1
112 195 1
164 177 1
100 189 1
104 9 1
172 195 1
28 45 1
86 21 1
36 9 1
162 27 1
89 97 1
130 57 1
174 189 1
156 51 1
8 123 1
86 117 1
152 183 1
149 151 1
48 105 1
0 70 1
16 195 1
80 69 1
184 159 1
60 93 1
85 161 1
124 63 1
64 27 1
186 141 1
197 201 3
86 177 1
30 99 1
22 141 1
46 57 1
16 123 1
110 3 1
92 165 1
82 135 1
58 15 1
160 93 1
2 21 1
128 105 1
86 63 1
64 141 1
138 177 1
67 71 1
160 135 1
60 111 1
113 127 1
148 75 1
180 81 1
96 45 1
8 81 1
144 183 1
39 155 1
166 153 1
52 51 1
124 129 1
156 183 1
140 3 1
108 195 1
64 135 1
0 24 1
52 159 1
155 119 1
120 69 1
82 57 1
102 33 1
8 159 1
146 75 1
138 9 1
190 117 1
166 21 1
132 135 1
108 153 1
124 141 1
64 183 1
30 87 1
130 15 1
179 181 1
183 95 1
144 189 1
66 189 1
124 45 1
81 155 1
159 55 1
124 117 1
158 165 1
14 57 1
198 195 1
116 9 1
124 39 1
12 159 1
132 81 1
170 195 1
44 111 1
98 117 1
34 111 1
60 147 1
36 39 1
8 99 1
56 183 1
33 155 1
134 45 1
33 125 1
180 9 1
146 129 1
108 63 1
164 75 1
112 3 1
120 165 1
78 69 1
6 75 1
134 171 1
69 115 1
46 147 1
170 177 1
104 117 1
190 195 1
22 51 1
4 171 1
132 57 1
88 27 1
22 87 1
27 35 1
182 75 1
52 69 1
106 81 1
194 99 1
34 39 1
0 72 1
0 86 1
108 117 1
178 63 1
147 95 1
62 141 1
161 11 1
190 111 1
6 135 1
192 21 1
194 177 1
126 15 1
8 21 1
129 55 1
146 3 1
122 129 1
10 15 1
159 95 1
62 135 1
168 105 1
162 153 1
102 15 1
123 115 1
158 183 1
130 63 1
114 153 1
25 49 1
142 159 1
96 9 1
9 125 1
5 133 1
122 33 1
40 111 1
117 185 1
30 57 1
82 3 1
0 132 1
9 95 1
105 35 1
24 135 1
66 87 1
176 117 1
88 171 1
33 185 1
174 171 1
80 165 1
70 189 1
138 21 1
10 39 1
164 111 1
165 175 1
72 45 1
40 3 1
196 147 1
158 189 1
120 45 1
86 81 1
140 147 1
52 141 1
144 81 1
160 63 1
55 49 1
159 115 1
68 183 1
148 195 1
96 51 1
64 123 1
154 27 1
142 27 1
44 165 1
104 93 1
72 129 1
44 69 1
186 81 1
94 177 1
119 11 1
57 125 1
138 69 1
94 3 1
14 105 1
42 111 1
176 153 1
34 141 1
118 147 1
62 123 1
104 75 1
100 177 1
66 141 1
166 3 1
0 168 1
98 45 1
106 69 1
10 99 1
164 45 1
92 111 1
8 111 1
94 129 1
84 63 1
92 123 1
90 45 1
64 87 1
166 177 1
26 141 1
174 9 1
2 45 1
188 177 1
168 195 1
126 93 1
66 99 1
154 57 1
64 171 1
28 51 1
146 39 1
28 165 1
96 183 1
106 123 1
114 33 1
42 105 1
128 189 1
68 117 1
195 185 1
148 171 1
63 175 1
148 123 1
112 69 1
152 21 1
42 195 1
110 87 1
135 185 1
57 55 1
128 9 1
158 81 1
69 175 1
38 129 1
16 93 1
118 165 1
128 111 1
46 159 1
158 27 1
136 159 1
68 177 1
122 27 1
170 159 1
14 183 1
178 57 1
160 165 1
94 111 1
177 115 1
140 105 1
40 183 1
26 21 1
196 51 1
52 177 1
70 57 1
114 75 1
82 69 1
21 125 1
147 25 1
174 75 1
114 93 1
129 185 1
76 123 1
168 87 1
153 175 1
178 21 1
196 87 1
170 75 1
124 57 1
76 45 1
140 15 1
192 135 1
108 105 1
64 63 1
180 177 1
90 177 1
62 45 1
18 87 1
36 69 1
2 15 1
27 95 1
118 69 1
141 85 1
25 77 1
198 135 1
200 105 1
24 177 1
106 75 1
78 183 1
144 87 1
140 111 1
2 9 1
96 81 1
146 45 1
180 3 1
186 57 1
110 123 1
130 81 1
192 141 1
0 4 1
104 105 1
123 125 1
154 3 1
46 153 1
66 63 1
38 153 1
108 3 1
62 9 1
94 99 1
40 75 1
150 99 1
170 165 1
4 75 1
72 21 1
52 123 1
2 51 1
186 27 1
114 87 1
0 156 1
84 39 1
57 25 1
16 87 1
24 15 1
117 65 1
2 123 1
96 177 1
170 123 1
176 189 1
76 81 1
86 135 1
154 195 1
21 35 1
92 153 1
18 27 1
144 99 1
38 87 1
80 39 1
106 87 1
129 25 1
108 159 1
16 135 1
106 111 1
58 51 1
66 153 1
24 87 1
96 129 1
196 75 1
193 201 4
156 3 1
68 123 1
48 33 1
180 183 1
2 159 1
172 33 1
70 105 1
200 135 1
98 129 1
106 93 1
156 45 1
80 111 1
145 77 1
60 63 1
146 117 1
33 85 1
130 195 1
82 87 1
178 99 1
142 147 1
160 105 1
78 99 1
136 183 1
72 153 1
185 7 1
22 21 1
82 159 1
15 5 1
2 147 1
62 87 1
56 147 1
138 171 1
0 116 1
162 183 1
146 123 1
130 87 1
148 165 1
180 153 1
120 117 1
58 9 1
20 27 1
70 165 1
102 75 1
148 9 1
106 129 1
120 159 1
156 69 1
180 69 1
170 15 1
62 39 1
116 81 1
172 189 1
158 129 1
182 105 1
122 183 1
51 95 1
118 141 1
190 81 1
6 3 1
177 55 1
198 117 1
38 9 1
0 94 1
94 87 1
4 51 1
78 111 1
115 119 1
116 183 1
117 35 1
18 165 1
16 129 1
84 165 1
78 57 1
198 129 1
132 27 1
90 105 1
200 81 1
54 123 1
174 45 1
145 91 1
136 87 1
46 39 1
190 15 1
198 57 1
0 198 1
146 171 1
27 55 1
120 123 1
122 135 1
40 15 1
190 33 1
82 21 1
112 39 1
78 147 1
24 111 1
185 49 1
104 87 1
81 55 1
186 195 1
146 135 1
152 141 1
72 87 1
103 107 1
122 45 1
0 18 1
14 129 1
22 123 1
174 123 1
100 51 1
128 15 1
60 81 1
140 129 1
136 99 1
132 63 1
156 93 1
141 65 1
26 51 1
93 85 1
50 33 1
4 189 1
55 161 1
200 63 1
20 183 1
174 87 1
9 175 1
118 3 1
104 39 1
183 185 1
192 15 1
99 185 1
34 183 1
142 99 1
64 9 1
110 33 1
112 135 1
74 33 1
196 159 1
158 45 1
68 99 1
123 185 1
18 171 1
81 125 1
140 177 1
93 95 1
42 45 1
63 5 1
134 111 1
130 123 1
171 85 1
62 93 1
0 42 1
132 69 1
153 95 1
112 159 1
160 3 1
170 147 1
129 155 1
118 39 1
26 87 1
92 21 1
52 99 1
128 123 1
152 177 1
9 35 1
184 147 1
56 117 1
52 21 1
24 195 1
62 195 1
14 177 1
184 153 1
3 185 1
5 119 1
166 123 1
48 171 1
118 195 1
154 75 1
158 57 1
18 3 1
160 159 1
198 33 1
50 129 1
75 35 1
20 21 1
168 183 1
132 75 1
86 153 1
114 51 1
72 3 1
34 33 1
152 135 1
4 195 1
6 93 1
124 9 1
81 115 1
0 128 1
99 125 1
145 49 1
177 145 1
198 87 1
60 165 1
90 147 1
36 27 1
151 157 1
144 171 1
12 57 1
164 93 1
157 163 1
0 82 1
3 55 1
75 125 1
24 69 1
74 93 1
12 87 1
0 96 1
160 75 1
20 105 1
64 21 1
196 195 1
168 21 1
0 180 1
117 145 1
46 171 1
47 53 1
60 153 1
8 87 1
178 15 1
94 93 1
171 5 1
200 117 1
150 189 1
15 85 1
122 15 1
175 77 1
14 51 1
58 111 1
32 9 1
192 57 1
106 51 1
6 129 1
182 177 1
48 87 1
96 3 1
166 87 1
190 183 1
168 3 1
104 21 1
14 123 1
146 93 1
141 125 1
152 87 1
20 165 1
0 142 1
120 189 1
106 141 1
163 167 1
50 39 1
34 75 1
62 33 1
8 105 1
24 189 1
70 111 1
98 99 1
176 87 1
28 87 1
172 111 1
98 75 1
87 175 1
200 141 1
21 175 1
177 175 1
164 135 1
76 141 1
70 33 1
27 85 1
44 51 1
136 177 1
142 195 1
200 177 1
92 129 1
176 15 1
148 183 1
117 95 1
54 63 1
110 21 1
90 69 1
30 123 1
50 99 1
30 165 1
90 135 1
48 9 1
77 11 1
170 69 1
106 135 1
156 123 1
189 35 1
24 129 1
22 171 1
76 39 1
128 99 1
116 33 1
28 39 1
154 105 1
196 33 1
88 75 1
165 65 1
64 177 1
141 55 1
178 135 1
96 141 1
168 153 1
84 105 1
44 45 1
148 63 1
48 123 1
46 75 1
3 145 1
87 95 1
15 95 1
48 63 1
142 9 1
198 69 1
42 33 1
200 75 1
200 21 1
186 69 1
152 99 1
0 8 1
4 99 1
90 171 1
168 9 1
128 21 1
36 171 1
33 5 1
20 135 1
32 123 1
56 141 1
118 171 1
162 117 1
144 39 1
153 5 1
154 99 1
146 189 1
26 195 1
112 63 1
150 27 1
12 75 1
68 129 1
165 25 1
64 57 1
138 15 1
153 125 1
168 57 1
118 51 1
57 185 1
60 57 1
85 133 1
75 25 1
164 153 1
14 171 1
80 33 1
123 35 1
34 153 1
174 21 1
126 33 1
180 21 1
92 87 1
93 175 1
136 33 1
24 81 1
64 165 1
62 69 1
189 95 1
186 15 1
8 27 1
106 57 1
16 111 1
8 171 1
58 195 1
132 123 1
112 105 1
42 57 1
46 123 1
40 159 1
20 159 1
176 183 1
180 129 1
112 87 1
6 99 1
134 87 1
18 135 1
152 189 1
124 159 1
75 5 1
82 15 1
184 165 1
100 81 1
78 63 1
146 15 1
98 135 1
200 57 1
92 117 1
21 5 1
158 15 1
147 115 1
182 3 1
172 135 1
4 153 1
90 51 1
171 25 1
176 165 1
46 21 1
80 75 1
182 51 1
21 155 1
6 81 1
82 153 1
28 15 1
14 141 1
88 63 1
41 43 1
24 99 1
145 161 1
60 21 1
68 171 1
56 111 1
190 3 1
22 183 1
182 147 1
182 9 1
152 195 1
160 81 1
54 183 1
34 57 1
68 153 1
0 136 1
110 165 1
123 25 1
138 27 1
21 65 1
62 63 1
156 135 1
152 123 1
3 35 1
9 155 1
84 153 1
80 141 1
56 87 1
110 57 1
63 85 1
104 99 1
136 63 1
118 105 1
85 77 1
128 63 1
120 15 1
124 135 1
162 189 1
153 25 1
105 55 1
194 135 1
58 177 1
182 87 1
178 45 1
44 63 1
34 87 1
15 155 1
98 27 1
104 15 1
54 153 1
118 129 1
56 159 1
46 99 1
4 21 1
68 3 1
170 39 1
168 171 1
6 51 1
46 111 1
44 75 1
2 189 1
164 105 1
0 196 1
194 27 1
76 135 1
98 39 1
175 119 1
174 63 1
70 183 1
6 123 1
176 141 1
21 95 1
142 153 1
118 63 1
57 65 1
152 165 1
138 99 1
52 117 1
144 129 1
8 117 1
90 99 1
42 27 1
120 75 1
120 51 1
162 165 1
194 153 1
178 183 1
200 99 1
104 69 1
196 45 1
72 147 1
46 51 1
81 25 1
192 183 1
148 87 1
130 9 1
28 195 1
100 111 1
98 159 1
64 147 1
84 99 1
180 27 1
195 85 1
180 45 1
166 33 1
110 159 1
44 33 1
60 171 1
172 75 1
106 117 1
88 21 1
178 141 1
10 147 1
52 111 1
111 175 1
0 134 1
52 183 1
116 57 1
154 123 1
110 93 1
118 117 1
68 159 1
160 171 1
172 3 1
136 129 1
4 123 1
122 75 1
194 15 1
48 81 1
141 35 1
68 45 1
74 177 1
128 159 1
160 195 1
10 69 1
182 123 1
38 3 1
3 115 1
14 33 1
192 189 1
44 57 1
48 135 1
26 81 1
38 135 1
5 91 1
128 75 1
74 63 1
194 171 1
0 34 1
0 28 1
152 147 1
42 21 1
62 165 1
140 75 1
2 165 1
38 189 1
0 172 1
114 135 1
82 123 1
82 39 1
114 171 1
92 195 1
150 33 1
148 147 1
110 63 1
192 39 1
195 175 1
42 129 1
30 141 1
191 193 1
54 15 1
66 57 1
132 9 1
118 9 1
68 189 1
80 171 1
168 129 1
2 183 1
44 129 1
56 3 1
176 3 1
188 93 1
40 195 1
0 174 1
129 85 1
194 81 1
114 195 1
164 141 1
170 21 1
76 93 1
188 33 1
102 39 1
166 129 1
16 9 1
83 89 1
135 145 1
180 105 1
162 15 1
144 159 1
188 69 1
46 93 1
155 77 1
94 21 1
166 51 1
140 93 1
76 51 1
62 105 1
48 141 1
34 147 1
30 195 1
126 135 1
147 35 1
65 49 1
33 25 1
198 141 1
96 57 1
185 133 1
36 111 1
99 5 1
62 21 1
74 147 1
64 153 1
0 10 1
142 165 1
63 145 1
86 57 1
26 69 1
0 176 1
50 51 1
167 173 1
172 27 1
74 129 1
70 9 1
181 191 1
126 117 1
42 81 1
140 45 1
138 165 1
18 9 1
16 159 1
141 95 1
155 91 1
171 55 1
92 15 1
32 147 1
116 27 1
52 3 1
92 171 1
6 21 1
49 121 1
126 45 1
176 147 1
144 111 1
110 189 1
170 45 1
130 51 1
94 153 1
30 15 1
146 195 1
160 129 1
22 159 1
160 69 1
94 33 1
60 75 1
176 81 1
194 195 1
118 123 1
174 135 1
0 90 1
196 93 1
122 165 1
63 185 1
0 146 1
140 159 1
171 95 1
174 147 1
0 48 1
82 147 1
174 183 1
4 183 1
110 75 1
27 145 1
63 25 1
122 159 1
36 159 1
38 69 1
126 75 1
148 3 1
156 21 1
171 145 1
66 81 1
195 25 1
128 171 1
181 201 6
118 93 1
152 171 1
6 69 1
36 153 1
198 9 1
8 15 1
133 121 1
8 75 1
0 12 1
136 57 1
92 75 1
85 119 1
189 175 1
126 195 1
2 75 1
20 45 1
104 165 1
147 175 1
84 21 1
0 54 1
116 165 1
58 159 1
82 171 1
40 33 1
0 140 1
56 39 1
194 63 1
8 51 1
110 171 1
116 171 1
0 88 1
130 105 1
33 95 1
84 51 1
22 129 1
172 129 1
6 141 1
108 183 1
102 45 1
112 117 1
142 135 1
65 161 1
68 57 1
42 93 1
6 57 1
24 21 1
99 25 1
104 81 1
81 85 1
70 195 1
186 129 1
174 99 1
171 65 1
117 5 1
145 7 1
159 35 1
168 93 1
122 117 1
172 159 1
171 155 1
189 125 1
162 141 1
143 13 1
11 13 1
188 75 1
122 51 1
105 155 1
68 75 1
92 63 1
68 33 1
158 147 1
81 145 1
182 81 1
27 175 1
166 171 1
34 117 1
20 111 1
38 81 1
62 129 1
14 39 1
175 161 1
100 87 1
86 93 1
128 117 1
94 171 1
86 147 1
26 183 1
184 177 1
