200 400 2
0 5 2
0 21 2
164 201 1
99 201 1
0 114 2
131 201 1
32 201 1
0 10 2
0 46 2
0 199 2
0 100 2
165 201 1
11 201 1
0 159 2
33 201 1
0 42 2
151 201 1
0 85 2
0 24 2
67 201 1
0 126 2
92 201 1
0 84 2
0 169 2
28 201 1
124 201 1
180 201 1
0 191 2
122 201 1
2 201 1
0 172 2
83 201 1
0 106 2
0 86 2
0 197 2
193 201 1
0 148 2
0 165 2
0 137 1
146 201 1
0 7 2
143 201 1
95 201 1
59 201 1
0 173 2
56 201 1
0 3 2
81 201 1
0 92 2
0 149 1
72 201 1
0 2 2
0 18 2
0 188 2
51 201 1
137 201 1
47 201 1
58 201 1
184 201 1
197 201 1
0 20 2
150 201 1
0 70 2
118 201 1
69 201 1
70 201 1
0 78 2
194 201 1
0 19 2
43 201 1
0 124 2
0 167 2
177 201 1
0 35 2
120 201 1
0 27 2
0 53 2
0 193 2
107 201 1
22 201 1
87 201 1
200 201 1
0 41 2
104 201 1
93 201 1
0 161 2
42 201 1
0 119 2
125 201 1
147 201 1
0 98 2
0 168 2
133 201 1
54 201 1
0 153 2
0 129 2
0 176 2
0 11 2
0 94 2
172 201 1
84 201 1
45 201 1
14 201 1
149 201 1
0 122 2
157 201 1
0 151 2
178 201 1
0 47 2
188 201 1
169 201 1
0 9 2
34 201 1
162 201 1
0 8 2
142 201 1
0 79 2
119 201 1
196 201 1
27 201 1
85 201 1
0 44 2
0 183 2
0 14 2
0 150 2
65 201 1
0 95 2
0 90 2
0 140 2
0 170 2
0 194 2
0 181 2
0 147 2
117 201 1
62 201 1
0 154 2
0 200 2
0 29 2
0 192 2
155 201 1
0 120 2
0 103 1
109 201 1
5 201 1
179 201 1
0 56 2
0 12 2
158 201 1
6 201 1
166 201 1
0 55 2
0 38 2
21 201 1
76 201 1
0 189 2
0 177 2
0 198 2
0 69 2
0 88 2
141 201 1
60 201 1
0 179 2
189 201 1
0 190 2
0 39 2
0 174 2
0 50 2
61 201 1
0 163 2
145 201 1
0 107 1
17 201 1
41 201 1
101 201 1
0 93 2
121 201 1
24 201 1
173 201 1
13 201 1
182 201 1
0 108 2
100 201 1
0 59 2
0 1 2
0 178 2
52 201 1
0 6 2
63 201 1
138 201 1
128 201 1
16 201 1
187 201 1
0 142 2
0 34 2
190 201 1
115 201 1
176 201 1
0 62 2
73 201 1
110 201 1
0 87 2
0 68 2
0 128 2
91 201 1
0 102 2
35 201 1
0 138 2
8 201 1
44 201 1
0 110 2
156 201 1
181 201 1
80 201 1
0 152 2
0 156 2
0 196 2
15 201 1
0 71 2
139 201 1
0 58 2
159 201 1
0 48 2
0 77 2
167 201 1
0 22 2
106 201 1
0 155 2
0 135 2
78 201 1
25 201 1
40 201 1
144 201 1
82 201 1
0 75 2
0 158 2
0 43 2
39 201 1
18 201 1
4 201 1
0 31 2
0 117 2
105 201 1
192 201 1
135 201 1
77 201 1
168 201 1
0 74 2
0 91 2
0 125 2
0 136 2
0 175 2
132 201 1
0 89 2
74 201 1
0 15 2
161 201 1
89 201 1
0 113 1
111 201 1
0 52 2
12 201 1
38 201 1
0 144 2
79 201 1
153 201 1
9 201 1
0 164 2
198 201 1
0 187 2
0 25 2
0 97 2
86 201 1
183 201 1
0 73 2
0 99 2
7 201 1
10 201 1
94 201 1
175 201 1
0 130 2
0 66 2
0 28 2
0 121 2
0 80 2
0 76 2
163 201 1
0 96 2
0 82 2
134 201 1
0 54 2
140 201 1
0 81 2
0 127 1
19 201 1
37 201 1
0 112 2
0 111 2
0 157 2
96 201 1
127 201 1
0 166 2
108 201 1
148 201 1
1 201 1
0 185 2
31 201 1
0 118 2
29 201 1
0 160 2
50 201 1
114 201 1
55 201 1
20 201 1
0 182 2
90 201 1
68 201 1
49 201 1
98 201 1
0 123 2
0 63 2
26 201 1
0 115 2
0 40 2
191 201 1
174 201 1
0 67 2
0 33 2
0 4 2
0 133 2
64 201 1
126 201 1
53 201 1
199 201 1
0 186 2
0 132 2
0 64 2
113 201 1
0 72 2
0 17 2
186 201 1
123 201 1
0 143 2
0 146 2
30 201 1
102 201 1
0 134 2
0 32 2
71 201 1
0 65 2
0 162 2
0 139 1
0 30 2
0 131 1
129 201 1
0 57 2
57 201 1
0 23 2
116 201 1
97 201 1
0 51 2
0 61 2
75 201 1
0 116 2
0 45 2
0 37 2
0 83 2
130 201 1
0 101 1
23 201 1
185 201 1
112 201 1
0 16 2
0 49 2
136 201 1
170 201 1
160 201 1
0 36 2
0 145 2
0 109 1
171 201 1
0 26 2
0 104 2
48 201 1
3 201 1
0 171 2
46 201 1
0 195 2
36 201 1
154 201 1
0 13 2
103 201 1
88 201 1
0 105 2
0 141 2
195 201 1
0 60 2
66 201 1
0 184 2
0 180 2
152 201 1
