200 200 1000000000
102 69 100000000
190 62 100000000
71 56 100000000
134 196 100000000
3 136 100000000
109 114 100000000
143 169 100000000
160 45 100000000
16 41 100000000
128 65 100000000
30 11 100000000
130 52 100000000
112 12 100000000
161 185 100000000
28 195 100000000
198 162 100000000
88 192 100000000
197 96 100000000
169 123 100000000
47 186 100000000
46 157 100000000
55 194 100000000
44 68 100000000
45 183 100000000
148 166 100000000
12 91 100000000
157 103 100000000
21 188 100000000
163 1 100000000
171 131 100000000
26 97 100000000
84 176 100000000
113 100 100000000
173 55 100000000
188 191 100000000
5 105 100000000
140 4 100000000
65 153 100000000
62 46 100000000
23 18 100000000
124 25 100000000
138 63 100000000
17 79 100000000
153 13 100000000
183 44 100000000
33 174 100000000
0 182 100000000
189 48 100000000
120 27 100000000
74 179 100000000
101 200 100000000
68 158 100000000
172 130 100000000
29 23 100000000
174 30 100000000
164 78 100000000
48 82 100000000
110 120 100000000
81 119 100000000
95 26 100000000
37 101 100000000
144 112 100000000
192 90 100000000
97 147 100000000
154 115 100000000
104 31 100000000
162 84 100000000
126 150 100000000
166 133 100000000
19 37 100000000
14 178 100000000
187 2 100000000
165 67 100000000
147 75 100000000
196 132 100000000
158 86 100000000
150 165 100000000
80 127 100000000
195 98 100000000
177 106 100000000
156 29 100000000
146 161 100000000
1 21 100000000
152 139 100000000
79 54 100000000
116 143 100000000
4 149 100000000
159 42 100000000
6 87 100000000
191 57 100000000
2 61 100000000
7 145 100000000
135 181 100000000
115 92 100000000
108 49 100000000
149 154 100000000
170 126 100000000
11 140 100000000
145 113 100000000
69 124 100000000
176 109 100000000
73 134 100000000
92 172 100000000
36 71 100000000
99 125 100000000
87 160 100000000
60 197 100000000
64 33 100000000
133 135 100000000
51 40 100000000
83 121 100000000
98 138 100000000
193 28 100000000
175 14 100000000
167 93 100000000
82 171 100000000
52 80 100000000
142 152 100000000
179 156 100000000
119 9 100000000
66 39 100000000
94 99 100000000
103 7 100000000
40 85 100000000
76 17 100000000
91 72 100000000
43 151 100000000
136 59 100000000
122 111 100000000
57 104 100000000
9 108 100000000
53 16 100000000
178 64 100000000
70 43 100000000
20 8 100000000
111 118 100000000
32 95 100000000
41 187 100000000
199 198 100000000
39 73 100000000
96 175 100000000
131 159 100000000
75 128 100000000
35 170 100000000
100 102 100000000
50 199 100000000
59 81 100000000
118 89 100000000
105 122 100000000
18 142 100000000
129 88 100000000
151 74 100000000
107 129 100000000
24 168 100000000
8 15 100000000
117 70 100000000
168 38 100000000
125 19 100000000
49 167 100000000
184 10 100000000
121 144 100000000
93 148 100000000
106 76 100000000
132 51 100000000
25 34 100000000
67 50 100000000
78 184 100000000
181 22 100000000
155 189 100000000
90 6 100000000
86 173 100000000
38 117 100000000
186 77 100000000
139 36 100000000
141 94 100000000
63 58 100000000
194 155 100000000
61 180 100000000
15 141 100000000
13 35 100000000
34 47 100000000
127 190 100000000
31 164 100000000
10 20 100000000
114 107 100000000
89 60 100000000
72 177 100000000
185 83 100000000
77 66 100000000
182 137 100000000
123 110 100000000
58 24 100000000
180 3 100000000
54 5 100000000
85 193 100000000
22 146 100000000
137 32 100000000
56 163 100000000
27 53 100000000
42 116 100000000
