200 54 5400000
97 73 100000
53 193 100000
139 107 100000
131 169 100000
157 167 100000
19 137 100000
7 103 100000
14 158 100000
101 19 100000
197 71 100000
45 93 100000
31 61 100000
91 7 100000
83 181 100000
179 131 100000
151 17 100000
143 187 100000
23 47 100000
187 109 100000
181 14 100000
169 13 100000
149 191 100000
59 89 100000
158 199 100000
47 115 100000
107 113 100000
37 179 100000
93 97 100000
79 173 100000
13 91 100000
167 127 100000
1 197 100000
89 29 100000
67 45 100000
137 163 100000
103 31 100000
29 43 100000
109 201 100000
113 53 100000
115 5 100000
191 59 100000
199 79 100000
193 101 100000
61 23 100000
0 151 100000
127 143 100000
163 67 100000
173 157 100000
41 37 100000
73 83 100000
17 41 100000
5 149 100000
43 1 100000
71 139 100000
